AUTOMATIC : True
GENERATOR_LEARNING_RATE : 0.00020000000949949026
DISCRIMINATOR_LEARNING_RATE : 4.999999873689376e-05